0 0.22135416666666666 0.2421875 0.3125 0.22916666666666666
0 0.5260416666666666 0.46875 0.3541666666666667 0.234375
0 0.21354166666666666 0.5390625 0.3177083333333333 0.20833333333333334
0 0.2734375 0.7473958333333334 0.3489583333333333 0.22395833333333334
0 0.6328125 0.7005208333333334 0.359375 0.203125
0 0.21614583333333334 0.9244791666666666 0.3020833333333333 0.140625
0 0.5729166666666666 0.890625 0.3072916666666667 0.16666666666666666
0 0.7161458333333334 0.9244791666666666 0.3072916666666667 0.14583333333333334
0 0.8645833333333334 0.6380208333333334 0.2552083333333333 0.23958333333333334
0 0.6822916666666666 0.24479166666666666 0.296875 0.22916666666666666
0 0.453125 0.1640625 0.3177083333333333 0.15104166666666666
0 0.8567708333333334 0.0859375 0.2760416666666667 0.15104166666666666
0 0.8984375 0.265625 0.19270833333333334 0.1875