0 0.13541666666666666 0.2682291666666667 0.125 0.15625
0 0.1171875 0.515625 0.14583333333333334 0.19270833333333334
0 0.2265625 0.7421875 0.15625 0.21875
0 0.265625 0.3489583333333333 0.125 0.16666666666666666
0 0.3828125 0.5078125 0.140625 0.21875
0 0.2916666666666667 0.14322916666666666 0.10416666666666667 0.17708333333333334
0 0.4114583333333333 0.2526041666666667 0.10416666666666667 0.16666666666666666
0 0.484375 0.7421875 0.14583333333333334 0.21875
0 0.5338541666666666 0.3776041666666667 0.109375 0.171875
0 0.6458333333333334 0.5234375 0.13541666666666666 0.20833333333333334
0 0.75 0.7239583333333334 0.14583333333333334 0.234375
0 0.9036458333333334 0.5546875 0.15625 0.19270833333333334
0 0.7916666666666666 0.3958333333333333 0.125 0.171875
0 0.5442708333333334 0.1328125 0.11458333333333333 0.16145833333333334
0 0.6692708333333334 0.23958333333333334 0.10416666666666667 0.1875
0 0.8046875 0.14322916666666666 0.11979166666666667 0.15625
0 0.9010416666666666 0.2578125 0.10416666666666667 0.17708333333333334