0 0.18489583333333334 0.3151041666666667 0.21354166666666666 0.3541666666666667
0 0.07552083333333333 0.6536458333333334 0.14583333333333334 0.3020833333333333
0 0.2734375 0.6276041666666666 0.203125 0.3177083333333333
0 0.125 0.90625 0.23958333333333334 0.17708333333333334
0 0.3697916666666667 0.9010416666666666 0.22916666666666666 0.1875
0 0.6119791666666666 0.9088541666666666 0.234375 0.171875
0 0.8463541666666666 0.9244791666666666 0.20833333333333334 0.14583333333333334
0 0.4973958333333333 0.6510416666666666 0.21354166666666666 0.296875
0 0.6041666666666666 0.3359375 0.22395833333333334 0.2708333333333333
0 0.4973958333333333 0.1015625 0.20833333333333334 0.19270833333333334
0 0.7317708333333334 0.09635416666666667 0.22916666666666666 0.171875
0 0.8255208333333334 0.3359375 0.22916666666666666 0.34375
0 0.8958333333333334 0.6822916666666666 0.18229166666666666 0.2864583333333333
0 0.3984375 0.3567708333333333 0.22916666666666666 0.3541666666666667
0 0.7135416666666666 0.6927083333333334 0.21354166666666666 0.359375