0 0.21354166666666666 0.140625 0.13020833333333334 0.22395833333333334
0 0.234375 0.375 0.11979166666666667 0.203125
0 0.21614583333333334 0.5703125 0.13020833333333334 0.18229166666666666
0 0.2942708333333333 0.6302083333333334 0.13541666666666666 0.23958333333333334
0 0.3307291666666667 0.4635416666666667 0.140625 0.16666666666666666
0 0.3671875 0.2734375 0.13541666666666666 0.203125
0 0.12760416666666666 0.7786458333333334 0.11458333333333333 0.15625
0 0.078125 0.8671875 0.10416666666666667 0.16145833333333334
0 0.19270833333333334 0.8385416666666666 0.10416666666666667 0.18229166666666666
0 0.4739583333333333 0.5911458333333334 0.109375 0.21875
0 0.5859375 0.5390625 0.13020833333333334 0.19791666666666666
0 0.5104166666666666 0.23697916666666666 0.13020833333333334 0.22916666666666666
0 0.5390625 0.078125 0.11979166666666667 0.140625
0 0.6197916666666666 0.22916666666666666 0.13020833333333334 0.234375
0 0.6640625 0.078125 0.11979166666666667 0.140625
0 0.84375 0.6796875 0.10416666666666667 0.18229166666666666
0 0.8854166666666666 0.5260416666666666 0.09895833333333333 0.16145833333333334