0 0.12760416666666666 0.5598958333333334 0.18229166666666666 0.2708333333333333
0 0.1015625 0.2578125 0.16145833333333334 0.2552083333333333
0 0.2526041666666667 0.3958333333333333 0.171875 0.2708333333333333
0 0.4036458333333333 0.1328125 0.19270833333333334 0.234375
0 0.390625 0.4140625 0.140625 0.2760416666666667
0 0.2630208333333333 0.6770833333333334 0.17708333333333334 0.3177083333333333
0 0.18229166666666666 0.8854166666666666 0.19270833333333334 0.22395833333333334
0 0.3645833333333333 0.8984375 0.171875 0.19270833333333334
0 0.421875 0.6848958333333334 0.16145833333333334 0.24479166666666666
0 0.5859375 0.609375 0.171875 0.2708333333333333
0 0.6380208333333334 0.7604166666666666 0.18229166666666666 0.2552083333333333
0 0.5364583333333334 0.3671875 0.171875 0.3072916666666667
0 0.703125 0.3619791666666667 0.171875 0.328125
0 0.5885416666666666 0.11979166666666667 0.16145833333333334 0.21354166666666666
0 0.7916666666666666 0.1328125 0.21354166666666666 0.234375
0 0.875 0.390625 0.16145833333333334 0.25
0 0.8880208333333334 0.640625 0.1875 0.3020833333333333
0 0.7630208333333334 0.6484375 0.14583333333333334 0.296875