0 0.2109375 0.5651041666666666 0.21875 0.16145833333333334
0 0.1015625 0.4973958333333333 0.171875 0.15104166666666666
0 0.23177083333333334 0.4375 0.13541666666666666 0.08333333333333333
0 0.4635416666666667 0.5859375 0.18229166666666666 0.171875
0 0.6328125 0.6744791666666666 0.22916666666666666 0.140625
0 0.84375 0.6484375 0.234375 0.1875
0 0.703125 0.5442708333333334 0.13541666666666666 0.11979166666666667
0 0.5755208333333334 0.4322916666666667 0.13541666666666666 0.13020833333333334
0 0.6979166666666666 0.453125 0.109375 0.08854166666666667
0 0.8229166666666666 0.4609375 0.14583333333333334 0.11458333333333333
0 0.7838541666666666 0.3776041666666667 0.10416666666666667 0.0625
0 0.9375 0.4322916666666667 0.09895833333333333 0.09375