0 0.4557291666666667 0.15104166666666666 0.11979166666666667 0.20833333333333334
0 0.23958333333333334 0.22135416666666666 0.13020833333333334 0.203125
0 0.06510416666666667 0.4921875 0.11979166666666667 0.24479166666666666
0 0.0859375 0.375 0.14583333333333334 0.22916666666666666
0 0.23697916666666666 0.4375 0.140625 0.22395833333333334
0 0.140625 0.7838541666666666 0.17708333333333334 0.28125
0 0.2604166666666667 0.6171875 0.16666666666666666 0.234375
0 0.3177083333333333 0.875 0.14583333333333334 0.22916666666666666
0 0.3723958333333333 0.4505208333333333 0.11979166666666667 0.19270833333333334
0 0.5078125 0.5208333333333334 0.171875 0.24479166666666666
0 0.4010416666666667 0.765625 0.18229166666666666 0.234375
0 0.5026041666666666 0.9114583333333334 0.19270833333333334 0.16666666666666666
0 0.5442708333333334 0.7265625 0.15104166666666666 0.21354166666666666
0 0.6979166666666666 0.6536458333333334 0.16666666666666666 0.2604166666666667
0 0.7942708333333334 0.4244791666666667 0.15104166666666666 0.24479166666666666
0 0.6458333333333334 0.3802083333333333 0.16666666666666666 0.25
0 0.6875 0.2265625 0.140625 0.18229166666666666
0 0.7942708333333334 0.08854166666666667 0.14583333333333334 0.16666666666666666
0 0.9166666666666666 0.3489583333333333 0.15625 0.19791666666666666
0 0.8489583333333334 0.6276041666666666 0.16145833333333334 0.24479166666666666
0 0.8125 0.890625 0.171875 0.1875
0 0.9270833333333334 0.8255208333333334 0.13541666666666666 0.22395833333333334