0 0.11458333333333333 0.21614583333333334 0.09895833333333333 0.125
0 0.1953125 0.09895833333333333 0.09895833333333333 0.15625
0 0.2734375 0.5 0.08854166666666667 0.15104166666666666
0 0.5052083333333334 0.3645833333333333 0.13020833333333334 0.15104166666666666
0 0.6223958333333334 0.3489583333333333 0.140625 0.17708333333333334
0 0.6536458333333334 0.6354166666666666 0.10416666666666667 0.16145833333333334
0 0.8697916666666666 0.3385416666666667 0.10416666666666667 0.140625
0 0.9244791666666666 0.46875 0.10416666666666667 0.17708333333333334
0 0.8776041666666666 0.7604166666666666 0.125 0.15625
0 0.859375 0.8984375 0.125 0.13541666666666666
0 0.7473958333333334 0.8151041666666666 0.15104166666666666 0.16666666666666666