0 0.20572916666666666 0.7317708333333334 0.20833333333333334 0.2604166666666667
0 0.4192708333333333 0.7291666666666666 0.203125 0.18229166666666666
0 0.6145833333333334 0.8776041666666666 0.21354166666666666 0.234375
0 0.7317708333333334 0.7864583333333334 0.19791666666666666 0.23958333333333334
0 0.859375 0.6848958333333334 0.20833333333333334 0.234375
0 0.484375 0.6458333333333334 0.171875 0.18229166666666666
0 0.2994791666666667 0.46875 0.140625 0.14583333333333334
0 0.5885416666666666 0.3333333333333333 0.15104166666666666 0.22916666666666666
0 0.5885416666666666 0.5130208333333334 0.19270833333333334 0.17708333333333334
0 0.9192708333333334 0.5364583333333334 0.140625 0.16666666666666666
0 0.7630208333333334 0.5 0.14583333333333334 0.18229166666666666