0 0.13541666666666666 0.8385416666666666 0.22395833333333334 0.3177083333333333
0 0.2682291666666667 0.5807291666666666 0.2760416666666667 0.3385416666666667
0 0.4348958333333333 0.8307291666666666 0.3177083333333333 0.3229166666666667
0 0.6145833333333334 0.5520833333333334 0.3177083333333333 0.3385416666666667
0 0.7734375 0.8151041666666666 0.3177083333333333 0.3229166666666667
0 0.4140625 0.3333333333333333 0.359375 0.34375
0 0.328125 0.14583333333333334 0.2760416666666667 0.265625
0 0.1015625 0.140625 0.19791666666666666 0.2604166666666667
0 0.6145833333333334 0.140625 0.24479166666666666 0.2604166666666667
0 0.7473958333333334 0.3359375 0.265625 0.265625
0 0.875 0.5520833333333334 0.234375 0.2760416666666667