0 0.2552083333333333 0.6380208333333334 0.11979166666666667 0.078125
0 0.390625 0.6015625 0.14583333333333334 0.10416666666666667
0 0.3463541666666667 0.6979166666666666 0.140625 0.09895833333333333
0 0.5729166666666666 0.6354166666666666 0.15625 0.10416666666666667
0 0.24739583333333334 0.4427083333333333 0.14583333333333334 0.11458333333333333
0 0.3567708333333333 0.3463541666666667 0.15625 0.10416666666666667
0 0.5703125 0.4348958333333333 0.16145833333333334 0.11458333333333333
0 0.5911458333333334 0.2864583333333333 0.16666666666666666 0.11458333333333333
0 0.6848958333333334 0.3828125 0.17708333333333334 0.13020833333333334
0 0.8333333333333334 0.5963541666666666 0.140625 0.11458333333333333
0 0.3515625 0.0859375 0.14583333333333334 0.09895833333333333