0 0.12239583333333333 0.19270833333333334 0.19791666666666666 0.21354166666666666
0 0.13802083333333334 0.3776041666666667 0.203125 0.2864583333333333
0 0.2526041666666667 0.5911458333333334 0.203125 0.234375
0 0.09375 0.7083333333333334 0.171875 0.24479166666666666
0 0.4453125 0.6848958333333334 0.22916666666666666 0.2708333333333333
0 0.265625 0.8255208333333334 0.22916666666666666 0.2604166666666667
0 0.4192708333333333 0.9270833333333334 0.22395833333333334 0.11458333333333333
0 0.7682291666666666 0.7838541666666666 0.23958333333333334 0.2708333333333333
0 0.6302083333333334 0.7239583333333334 0.21354166666666666 0.2604166666666667
0 0.6822916666666666 0.4921875 0.2604166666666667 0.3177083333333333
0 0.90625 0.4973958333333333 0.17708333333333334 0.19270833333333334
0 0.9140625 0.2734375 0.16145833333333334 0.22916666666666666
0 0.6458333333333334 0.19270833333333334 0.19791666666666666 0.19270833333333334
0 0.3619791666666667 0.3932291666666667 0.15625 0.265625
0 0.4869791666666667 0.296875 0.19270833333333334 0.24479166666666666
0 0.3958333333333333 0.16666666666666666 0.17708333333333334 0.22395833333333334