0 0.09114583333333333 0.5807291666666666 0.15104166666666666 0.265625
0 0.13541666666666666 0.7760416666666666 0.18229166666666666 0.22916666666666666
0 0.078125 0.9166666666666666 0.13541666666666666 0.15625
0 0.2109375 0.890625 0.13020833333333334 0.19791666666666666
0 0.3255208333333333 0.7005208333333334 0.17708333333333334 0.2708333333333333
0 0.3489583333333333 0.9036458333333334 0.17708333333333334 0.17708333333333334
0 0.23697916666666666 0.5703125 0.15104166666666666 0.28125
0 0.375 0.3984375 0.171875 0.2708333333333333
0 0.22135416666666666 0.19270833333333334 0.14583333333333334 0.265625
0 0.5052083333333334 0.2708333333333333 0.16666666666666666 0.2604166666666667
0 0.6692708333333334 0.3671875 0.21354166666666666 0.34375
0 0.4973958333333333 0.5859375 0.19270833333333334 0.2916666666666667
0 0.53125 0.8385416666666666 0.19791666666666666 0.2760416666666667
0 0.7135416666666666 0.8072916666666666 0.18229166666666666 0.2916666666666667
0 0.8802083333333334 0.8046875 0.18229166666666666 0.359375
0 0.8333333333333334 0.5182291666666666 0.17708333333333334 0.328125
0 0.7682291666666666 0.1953125 0.15625 0.2604166666666667
0 0.90625 0.1953125 0.15625 0.28125