0 0.2578125 0.6171875 0.328125 0.19270833333333334
0 0.3255208333333333 0.7682291666666666 0.34375 0.15625
0 0.3645833333333333 0.9427083333333334 0.2864583333333333 0.10416666666666667
0 0.6223958333333334 0.8645833333333334 0.2916666666666667 0.14583333333333334
0 0.8229166666666666 0.7317708333333334 0.2604166666666667 0.16666666666666666
0 0.8723958333333334 0.8958333333333334 0.24479166666666666 0.16666666666666666
0 0.5494791666666666 0.6380208333333334 0.3020833333333333 0.17708333333333334
0 0.6927083333333334 0.5234375 0.2916666666666667 0.13020833333333334
0 0.9088541666666666 0.5729166666666666 0.171875 0.13541666666666666
0 0.4036458333333333 0.5026041666666666 0.2864583333333333 0.15625
0 0.2109375 0.4192708333333333 0.34375 0.16145833333333334
0 0.4505208333333333 0.3697916666666667 0.24479166666666666 0.171875
0 0.7135416666666666 0.3697916666666667 0.28125 0.140625
0 0.6901041666666666 0.24479166666666666 0.28125 0.16145833333333334
0 0.3776041666666667 0.23177083333333334 0.2916666666666667 0.14583333333333334
0 0.1328125 0.2734375 0.234375 0.15625
0 0.24479166666666666 0.12760416666666666 0.3072916666666667 0.15625
0 0.5651041666666666 0.13020833333333334 0.2708333333333333 0.13541666666666666
0 0.8125 0.09375 0.21354166666666666 0.125
0 0.90625 0.1796875 0.17708333333333334 0.13020833333333334