0 0.09895833333333333 0.2916666666666667 0.14583333333333334 0.18229166666666666
0 0.10677083333333333 0.4583333333333333 0.13541666666666666 0.19270833333333334
0 0.22916666666666666 0.609375 0.13020833333333334 0.18229166666666666
0 0.057291666666666664 0.7942708333333334 0.09895833333333333 0.19270833333333334
0 0.1875 0.8125 0.13541666666666666 0.18229166666666666
0 0.3828125 0.8385416666666666 0.140625 0.17708333333333334
0 0.5546875 0.6744791666666666 0.14583333333333334 0.21354166666666666
0 0.6614583333333334 0.3854166666666667 0.13020833333333334 0.22916666666666666
0 0.4427083333333333 0.5078125 0.14583333333333334 0.20833333333333334
0 0.3854166666666667 0.3307291666666667 0.13541666666666666 0.20833333333333334
0 0.2552083333333333 0.2864583333333333 0.11979166666666667 0.19270833333333334
0 0.6979166666666666 0.640625 0.140625 0.21875
0 0.8515625 0.5416666666666666 0.13020833333333334 0.21354166666666666
0 0.6484375 0.8697916666666666 0.13541666666666666 0.19270833333333334
0 0.8020833333333334 0.3515625 0.14583333333333334 0.20833333333333334
0 0.8385416666666666 0.16666666666666666 0.11458333333333333 0.20833333333333334
0 0.5833333333333334 0.2109375 0.15104166666666666 0.2708333333333333
0 0.4635416666666667 0.15364583333333334 0.13020833333333334 0.21354166666666666