0 0.3541666666666667 0.1640625 0.171875 0.25
0 0.5338541666666666 0.16927083333333334 0.13020833333333334 0.22916666666666666
0 0.7109375 0.15885416666666666 0.140625 0.25
0 0.8854166666666666 0.171875 0.15104166666666666 0.203125
0 0.109375 0.4869791666666667 0.14583333333333334 0.2552083333333333
0 0.3098958333333333 0.4817708333333333 0.16666666666666666 0.2552083333333333
0 0.515625 0.4817708333333333 0.16145833333333334 0.24479166666666666
0 0.7161458333333334 0.4739583333333333 0.17708333333333334 0.296875
0 0.9036458333333334 0.5052083333333334 0.15625 0.22916666666666666
0 0.1484375 0.8203125 0.16666666666666666 0.23958333333333334
0 0.3385416666666667 0.8489583333333334 0.13541666666666666 0.19791666666666666
0 0.515625 0.8255208333333334 0.15104166666666666 0.22916666666666666
0 0.7109375 0.8489583333333334 0.140625 0.1875
0 0.8984375 0.8333333333333334 0.14583333333333334 0.21354166666666666