0 0.34375 0.3151041666666667 0.22395833333333334 0.40625
0 0.4088541666666667 0.796875 0.2760416666666667 0.3958333333333333
0 0.125 0.8098958333333334 0.24479166666666666 0.3333333333333333
0 0.078125 0.3463541666666667 0.15104166666666666 0.4322916666666667
0 0.1875 0.2708333333333333 0.15104166666666666 0.2864583333333333
0 0.6484375 0.8203125 0.22395833333333334 0.3333333333333333
0 0.7395833333333334 0.6015625 0.25 0.3541666666666667
0 0.875 0.8541666666666666 0.22916666666666666 0.28125
0 0.6145833333333334 0.265625 0.234375 0.359375
0 0.8645833333333334 0.15364583333333334 0.2604166666666667 0.296875
0 0.9270833333333334 0.3177083333333333 0.140625 0.3385416666666667