0 0.15885416666666666 0.234375 0.19270833333333334 0.23958333333333334
0 0.19791666666666666 0.4296875 0.171875 0.2708333333333333
0 0.18489583333333334 0.5885416666666666 0.17708333333333334 0.203125
0 0.16145833333333334 0.8203125 0.171875 0.2552083333333333
0 0.3854166666666667 0.4791666666666667 0.18229166666666666 0.2708333333333333
0 0.3802083333333333 0.7734375 0.1875 0.24479166666666666
0 0.5572916666666666 0.5989583333333334 0.22916666666666666 0.2760416666666667
0 0.5572916666666666 0.2421875 0.20833333333333334 0.3229166666666667
0 0.4947916666666667 0.1796875 0.18229166666666666 0.2552083333333333
0 0.7552083333333334 0.4609375 0.21354166666666666 0.3020833333333333
0 0.9010416666666666 0.4895833333333333 0.15625 0.3229166666666667
0 0.703125 0.890625 0.1875 0.17708333333333334
0 0.875 0.7916666666666666 0.19270833333333334 0.2552083333333333