0 0.4270833333333333 0.4557291666666667 0.11458333333333333 0.140625
0 0.5286458333333334 0.4505208333333333 0.08854166666666667 0.14583333333333334
0 0.609375 0.4817708333333333 0.08854166666666667 0.11979166666666667
0 0.671875 0.8098958333333334 0.140625 0.16666666666666666
0 0.7786458333333334 0.7786458333333334 0.11979166666666667 0.15625
0 0.8255208333333334 0.9114583333333334 0.13020833333333334 0.13541666666666666
0 0.6901041666666666 0.140625 0.10416666666666667 0.140625
0 0.7369791666666666 0.2265625 0.10416666666666667 0.140625
0 0.8567708333333334 0.4192708333333333 0.13020833333333334 0.15104166666666666
0 0.3255208333333333 0.22395833333333334 0.10416666666666667 0.13541666666666666
0 0.4270833333333333 0.109375 0.10416666666666667 0.11458333333333333