0 0.25 0.2890625 0.0625 0.16145833333333334
0 0.328125 0.4088541666666667 0.09375 0.22916666666666666
0 0.390625 0.4635416666666667 0.11458333333333333 0.265625
0 0.3125 0.6692708333333334 0.109375 0.22916666666666666
0 0.3645833333333333 0.8671875 0.078125 0.18229166666666666
0 0.5208333333333334 0.6015625 0.10416666666666667 0.265625
0 0.6171875 0.6432291666666666 0.10416666666666667 0.296875
0 0.6458333333333334 0.3776041666666667 0.109375 0.265625
0 0.5078125 0.3697916666666667 0.11979166666666667 0.2552083333333333
0 0.5442708333333334 0.1484375 0.10416666666666667 0.18229166666666666
0 0.4661458333333333 0.8333333333333334 0.11979166666666667 0.3177083333333333
0 0.3333333333333333 0.15885416666666666 0.09895833333333333 0.21875