0 0.2604166666666667 0.19270833333333334 0.16145833333333334 0.3697916666666667
0 0.19270833333333334 0.5416666666666666 0.16666666666666666 0.40625
0 0.359375 0.6119791666666666 0.14583333333333334 0.4322916666666667
0 0.19010416666666666 0.8489583333333334 0.11979166666666667 0.2864583333333333
0 0.6380208333333334 0.5911458333333334 0.171875 0.3541666666666667
0 0.4947916666666667 0.7630208333333334 0.18229166666666666 0.4427083333333333
0 0.3984375 0.2734375 0.15625 0.3697916666666667
0 0.5078125 0.3645833333333333 0.13020833333333334 0.3802083333333333
0 0.6119791666666666 0.2552083333333333 0.13541666666666666 0.3333333333333333
0 0.7395833333333334 0.16145833333333334 0.17708333333333334 0.3072916666666667
0 0.7994791666666666 0.5416666666666666 0.15625 0.390625
0 0.7890625 0.8385416666666666 0.16666666666666666 0.28125
0 0.9505208333333334 0.3463541666666667 0.09375 0.46875
0 0.9192708333333334 0.71875 0.13541666666666666 0.4166666666666667