0 0.044270833333333336 0.671875 0.06770833333333333 0.109375
0 0.09895833333333333 0.890625 0.11458333333333333 0.14583333333333334
0 0.15364583333333334 0.7395833333333334 0.15104166666666666 0.15625
0 0.109375 0.5729166666666666 0.09375 0.11458333333333333
0 0.24479166666666666 0.4739583333333333 0.125 0.171875
0 0.3072916666666667 0.2578125 0.13541666666666666 0.16145833333333334
0 0.359375 0.6666666666666666 0.14583333333333334 0.16145833333333334
0 0.3020833333333333 0.84375 0.08333333333333333 0.140625
0 0.421875 0.8307291666666666 0.09895833333333333 0.13541666666666666
0 0.4947916666666667 0.6901041666666666 0.15625 0.17708333333333334
0 0.4453125 0.4557291666666667 0.16145833333333334 0.203125
0 0.40625 0.140625 0.11979166666666667 0.13020833333333334
0 0.5390625 0.2526041666666667 0.125 0.171875
0 0.6197916666666666 0.3932291666666667 0.13541666666666666 0.19270833333333334
0 0.6458333333333334 0.08854166666666667 0.11979166666666667 0.14583333333333334
0 0.71875 0.23958333333333334 0.11458333333333333 0.16666666666666666
0 0.8541666666666666 0.359375 0.13541666666666666 0.18229166666666666
0 0.9270833333333334 0.5052083333333334 0.08854166666666667 0.11979166666666667
0 0.6614583333333334 0.6432291666666666 0.16666666666666666 0.234375
0 0.8046875 0.5572916666666666 0.10416666666666667 0.13541666666666666
0 0.8854166666666666 0.6875 0.11458333333333333 0.13020833333333334
0 0.6015625 0.8385416666666666 0.08333333333333333 0.08854166666666667
0 0.7369791666666666 0.8645833333333334 0.10416666666666667 0.09895833333333333