0 0.2265625 0.6536458333333334 0.3854166666666667 0.2604166666666667
0 0.4088541666666667 0.4192708333333333 0.3385416666666667 0.20833333333333334
0 0.28125 0.21614583333333334 0.2864583333333333 0.234375
0 0.15885416666666666 0.4296875 0.2552083333333333 0.21875
0 0.11197916666666667 0.8489583333333334 0.203125 0.19270833333333334
0 0.8489583333333334 0.5703125 0.296875 0.23958333333333334
0 0.734375 0.7604166666666666 0.3229166666666667 0.234375
0 0.4114583333333333 0.8880208333333334 0.40625 0.21875
0 0.6927083333333334 0.3177083333333333 0.3072916666666667 0.22395833333333334
0 0.5859375 0.5651041666666666 0.21875 0.20833333333333334
0 0.5442708333333334 0.19010416666666666 0.2864583333333333 0.234375
0 0.8697916666666666 0.1484375 0.23958333333333334 0.21875