0 0.08072916666666667 0.453125 0.11979166666666667 0.19270833333333334
0 0.078125 0.6588541666666666 0.109375 0.1875
0 0.20833333333333334 0.4036458333333333 0.14583333333333334 0.21354166666666666
0 0.2109375 0.5651041666666666 0.140625 0.265625
0 0.3333333333333333 0.6796875 0.14583333333333334 0.25
0 0.3723958333333333 0.24739583333333334 0.13020833333333334 0.171875
0 0.5234375 0.3984375 0.140625 0.2760416666666667
0 0.5052083333333334 0.6197916666666666 0.16666666666666666 0.23958333333333334
0 0.5703125 0.7213541666666666 0.125 0.23958333333333334
0 0.6744791666666666 0.23177083333333334 0.109375 0.14583333333333334
0 0.6588541666666666 0.4010416666666667 0.16145833333333334 0.21875
0 0.6770833333333334 0.6223958333333334 0.13541666666666666 0.22395833333333334
0 0.7786458333333334 0.4817708333333333 0.15104166666666666 0.21354166666666666
0 0.7786458333333334 0.6848958333333334 0.15104166666666666 0.25
0 0.9140625 0.20052083333333334 0.140625 0.22395833333333334
0 0.921875 0.3776041666666667 0.13020833333333334 0.1875
0 0.9270833333333334 0.5963541666666666 0.13541666666666666 0.203125