0 0.3802083333333333 0.5 0.09375 0.15625
0 0.4296875 0.5989583333333334 0.09375 0.14583333333333334
0 0.4661458333333333 0.7005208333333334 0.09895833333333333 0.16666666666666666
0 0.5625 0.734375 0.11979166666666667 0.14583333333333334
0 0.5494791666666666 0.6041666666666666 0.109375 0.13541666666666666
0 0.5078125 0.5078125 0.11458333333333333 0.14583333333333334
0 0.5911458333333334 0.4869791666666667 0.08854166666666667 0.13541666666666666
0 0.6770833333333334 0.5286458333333334 0.11458333333333333 0.16666666666666666
0 0.7604166666666666 0.7109375 0.13020833333333334 0.19270833333333334
0 0.8463541666666666 0.6692708333333334 0.08333333333333333 0.17708333333333334
0 0.6458333333333334 0.6979166666666666 0.10416666666666667 0.1875
0 0.5078125 0.3645833333333333 0.11458333333333333 0.140625