0 0.07291666666666667 0.7708333333333334 0.140625 0.3854166666666667
0 0.3229166666666667 0.46875 0.15104166666666666 0.359375
0 0.453125 0.4375 0.1875 0.359375
0 0.6328125 0.375 0.19791666666666666 0.3697916666666667
0 0.4453125 0.7864583333333334 0.15625 0.3385416666666667
0 0.5963541666666666 0.7682291666666666 0.19270833333333334 0.4166666666666667
0 0.7473958333333334 0.8645833333333334 0.171875 0.2604166666666667
0 0.78125 0.5911458333333334 0.18229166666666666 0.3541666666666667
0 0.890625 0.6328125 0.171875 0.3333333333333333
0 0.4635416666666667 0.20052083333333334 0.18229166666666666 0.2916666666666667
0 0.6458333333333334 0.08854166666666667 0.18229166666666666 0.15104166666666666