0 0.24739583333333334 0.7109375 0.09895833333333333 0.15625
0 0.3489583333333333 0.7578125 0.10416666666666667 0.16145833333333334
0 0.4010416666666667 0.6458333333333334 0.109375 0.13541666666666666
0 0.2942708333333333 0.609375 0.10416666666666667 0.15104166666666666
0 0.296875 0.4661458333333333 0.08854166666666667 0.14583333333333334
0 0.390625 0.5390625 0.109375 0.10416666666666667
0 0.484375 0.4609375 0.11458333333333333 0.11458333333333333
0 0.4973958333333333 0.5390625 0.09375 0.13020833333333334
0 0.5234375 0.6458333333333334 0.109375 0.109375
0 0.5442708333333334 0.7942708333333334 0.10416666666666667 0.171875
0 0.5859375 0.4791666666666667 0.08333333333333333 0.09895833333333333
0 0.6041666666666666 0.5859375 0.109375 0.09375
0 0.6119791666666666 0.7213541666666666 0.11458333333333333 0.15625