0 0.13541666666666666 0.5390625 0.171875 0.234375
0 0.24739583333333334 0.3515625 0.140625 0.21354166666666666
0 0.3229166666666667 0.4739583333333333 0.203125 0.22395833333333334
0 0.4036458333333333 0.5729166666666666 0.16666666666666666 0.22916666666666666
0 0.24479166666666666 0.7265625 0.18229166666666666 0.22916666666666666
0 0.4036458333333333 0.78125 0.203125 0.22916666666666666
0 0.6041666666666666 0.6432291666666666 0.19270833333333334 0.24479166666666666
0 0.5989583333333334 0.8177083333333334 0.17708333333333334 0.15104166666666666
0 0.5625 0.4375 0.15625 0.19791666666666666
0 0.4114583333333333 0.2838541666666667 0.16145833333333334 0.22916666666666666
0 0.6041666666666666 0.20572916666666666 0.17708333333333334 0.22395833333333334
0 0.8229166666666666 0.3307291666666667 0.17708333333333334 0.203125
0 0.7083333333333334 0.4895833333333333 0.17708333333333334 0.19270833333333334
0 0.875 0.5234375 0.15104166666666666 0.16666666666666666
0 0.8151041666666666 0.65625 0.1875 0.20833333333333334