0 0.09635416666666667 0.4635416666666667 0.15625 0.13541666666666666
0 0.2630208333333333 0.453125 0.171875 0.17708333333333334
0 0.3515625 0.6223958333333334 0.19270833333333334 0.19791666666666666
0 0.2421875 0.7291666666666666 0.22395833333333334 0.203125
0 0.14322916666666666 0.9114583333333334 0.2552083333333333 0.16666666666666666
0 0.0625 0.734375 0.109375 0.265625
0 0.5911458333333334 0.4348958333333333 0.16145833333333334 0.234375
0 0.7135416666666666 0.5520833333333334 0.21875 0.25
0 0.7708333333333334 0.421875 0.16666666666666666 0.13541666666666666
0 0.8020833333333334 0.3463541666666667 0.14583333333333334 0.13541666666666666
0 0.8828125 0.5572916666666666 0.18229166666666666 0.22916666666666666
0 0.9140625 0.4140625 0.14583333333333334 0.140625